# This file was produced by bcftools stats (1.2+htslib-1.2.1) and can be plotted using plot-vcfstats.
# The command line was:	bcftools stats  -F /gpfs/data/referenceFiles/Homo_sapiens/UCSC/hg38/hg38bundle/Homo_sapiens_assembly38.fasta /home/t.cri.biowksp13/wk8/OUTPUT.vcf.gz
#
# Definition of sets:
# ID	[2]id	[3]tab-separated file names
ID	0	/home/t.cri.biowksp13/wk8/OUTPUT.vcf.gz
# SN, Summary numbers:
# SN	[2]id	[3]key	[4]value
SN	0	number of samples:	3
SN	0	number of records:	137352
SN	0	number of SNPs:	112984
SN	0	number of MNPs:	0
SN	0	number of indels:	24851
SN	0	number of others:	384
SN	0	number of multiallelic sites:	4452
SN	0	number of multiallelic SNP sites:	620
# TSTV, transitions/transversions:
# TSTV	[2]id	[3]ts	[4]tv	[5]ts/tv	[6]ts (1st ALT)	[7]tv (1st ALT)	[8]ts/tv (1st ALT)
TSTV	0	76658	36286	2.11	76410	35990	2.12
# ICS, Indel context summary:
# ICS	[2]id	[3]repeat-consistent	[4]repeat-inconsistent	[5]not applicable	[6]c/(c+i) ratio
ICS	0	7367	1114	20070	0.8686
# ICL, Indel context by length:
# ICL	[2]id	[3]length of repeat element	[4]repeat-consistent deletions)	[5]repeat-inconsistent deletions	[6]consistent insertions	[7]inconsistent insertions	[8]c/(c+i) ratio
ICL	0	2	2106	198	2195	189	0.9174
ICL	0	3	443	95	278	75	0.8092
ICL	0	4	926	211	821	152	0.8280
ICL	0	5	205	42	196	39	0.8320
ICL	0	6	68	30	33	17	0.6824
ICL	0	7	18	6	16	15	0.6182
ICL	0	8	23	11	4	8	0.5870
ICL	0	9	12	9	5	8	0.5000
ICL	0	10	15	6	3	3	0.6667
# SiS, Singleton stats:
# SiS	[2]id	[3]allele count	[4]number of SNPs	[5]number of transitions	[6]number of transversions	[7]number of indels	[8]repeat-consistent	[9]repeat-inconsistent	[10]not applicable
SiS	0	1	26440	17856	8584	8646	2416	382	5848
# AF, Stats by non-reference allele frequency:
# AF	[2]id	[3]allele frequency	[4]number of SNPs	[5]number of transitions	[6]number of transversions	[7]number of indels	[8]repeat-consistent	[9]repeat-inconsistent	[10]not applicable
AF	0	0.000000	26440	17856	8584	8646	2416	382	5848
AF	0	33.000000	28369	19472	8897	8079	2311	312	5456
AF	0	49.000000	20389	13464	6925	4629	1125	178	3326
AF	0	66.000000	13264	9155	4109	2839	636	89	2114
AF	0	74.000000	94	63	31	34	9	6	19
AF	0	82.000000	8928	6123	2805	1819	424	51	1344
AF	0	99.000000	15460	10525	4935	2505	446	96	1963
# QUAL, Stats by quality:
# QUAL	[2]id	[3]Quality	[4]number of SNPs	[5]number of transitions (1st ALT)	[6]number of transversions (1st ALT)	[7]number of indels
QUAL	0	30	37	22	15	32
QUAL	0	31	54	28	26	29
QUAL	0	32	49	25	24	29
QUAL	0	33	53	26	27	34
QUAL	0	34	47	22	22	26
QUAL	0	35	50	16	33	22
QUAL	0	36	56	31	25	30
QUAL	0	37	46	25	21	31
QUAL	0	38	38	16	22	33
QUAL	0	39	47	26	20	29
QUAL	0	40	38	23	14	18
QUAL	0	41	43	22	21	24
QUAL	0	42	48	28	20	30
QUAL	0	43	30	18	12	30
QUAL	0	44	40	18	22	23
QUAL	0	45	47	27	19	23
QUAL	0	46	43	21	21	21
QUAL	0	47	51	28	23	28
QUAL	0	48	53	19	34	29
QUAL	0	49	39	21	18	22
QUAL	0	50	41	28	13	24
QUAL	0	51	42	20	20	24
QUAL	0	52	39	20	17	19
QUAL	0	53	34	14	20	18
QUAL	0	54	63	41	22	31
QUAL	0	55	43	28	15	22
QUAL	0	56	39	18	20	21
QUAL	0	57	32	17	14	28
QUAL	0	58	37	19	18	19
QUAL	0	59	43	27	16	25
QUAL	0	60	48	24	24	18
QUAL	0	61	35	17	18	29
QUAL	0	62	40	26	14	21
QUAL	0	63	44	26	18	20
QUAL	0	64	38	19	19	27
QUAL	0	65	29	14	14	29
QUAL	0	66	40	28	12	22
QUAL	0	67	42	17	23	31
QUAL	0	68	25	8	17	22
QUAL	0	69	46	23	21	27
QUAL	0	70	45	25	20	26
QUAL	0	71	28	10	17	19
QUAL	0	72	37	21	16	25
QUAL	0	73	32	10	20	12
QUAL	0	74	32	19	13	18
QUAL	0	75	34	21	13	22
QUAL	0	76	45	31	14	13
QUAL	0	77	30	16	14	16
QUAL	0	78	35	18	16	32
QUAL	0	79	45	32	13	23
QUAL	0	80	67	37	30	20
QUAL	0	81	24	18	6	16
QUAL	0	82	35	22	13	17
QUAL	0	83	26	23	3	10
QUAL	0	84	31	19	12	24
QUAL	0	85	22	12	9	12
QUAL	0	86	31	18	8	16
QUAL	0	87	37	23	14	22
QUAL	0	88	31	16	15	16
QUAL	0	89	25	14	11	13
QUAL	0	90	25	15	10	16
QUAL	0	91	27	15	11	17
QUAL	0	92	28	12	16	18
QUAL	0	93	34	19	14	25
QUAL	0	94	37	20	17	20
QUAL	0	95	33	14	19	11
QUAL	0	96	24	16	8	32
QUAL	0	97	28	11	17	20
QUAL	0	98	29	15	14	11
QUAL	0	99	27	17	10	26
QUAL	0	100	17	8	7	18
QUAL	0	101	19	6	13	17
QUAL	0	102	33	20	13	13
QUAL	0	103	20	11	7	21
QUAL	0	104	29	19	10	16
QUAL	0	105	26	16	10	18
QUAL	0	106	24	11	13	20
QUAL	0	107	22	14	8	18
QUAL	0	108	29	13	15	15
QUAL	0	109	25	13	9	14
QUAL	0	110	23	7	16	13
QUAL	0	111	26	15	10	16
QUAL	0	112	20	8	12	15
QUAL	0	113	32	21	10	19
QUAL	0	114	21	12	9	10
QUAL	0	115	20	12	8	17
QUAL	0	116	26	14	10	17
QUAL	0	117	36	21	14	11
QUAL	0	118	18	11	7	12
QUAL	0	119	14	6	8	19
QUAL	0	120	23	9	12	17
QUAL	0	121	16	10	6	17
QUAL	0	122	20	14	5	16
QUAL	0	123	26	17	8	19
QUAL	0	124	22	11	10	25
QUAL	0	125	21	10	11	16
QUAL	0	126	19	12	7	19
QUAL	0	127	23	13	10	16
QUAL	0	128	16	9	7	16
QUAL	0	129	24	13	11	20
QUAL	0	130	19	15	3	15
QUAL	0	131	16	6	9	18
QUAL	0	132	30	15	15	14
QUAL	0	133	13	8	5	11
QUAL	0	134	14	9	5	21
QUAL	0	135	28	15	13	10
QUAL	0	136	21	10	11	10
QUAL	0	137	18	6	10	17
QUAL	0	138	30	11	18	13
QUAL	0	139	24	11	13	19
QUAL	0	140	26	16	10	17
QUAL	0	141	28	13	15	14
QUAL	0	142	15	4	10	18
QUAL	0	143	23	15	8	9
QUAL	0	144	18	11	6	18
QUAL	0	145	18	12	6	12
QUAL	0	146	21	8	12	17
QUAL	0	147	16	8	7	15
QUAL	0	148	23	15	8	16
QUAL	0	149	14	5	9	13
QUAL	0	150	25	11	12	15
QUAL	0	151	23	10	12	16
QUAL	0	152	20	13	7	15
QUAL	0	153	23	15	6	17
QUAL	0	154	17	9	8	17
QUAL	0	155	19	9	10	21
QUAL	0	156	24	14	10	16
QUAL	0	157	25	12	13	10
QUAL	0	158	16	11	5	13
QUAL	0	159	19	11	8	14
QUAL	0	160	20	12	8	17
QUAL	0	161	14	6	6	13
QUAL	0	162	16	11	5	17
QUAL	0	163	15	5	9	12
QUAL	0	164	20	9	11	14
QUAL	0	165	13	13	0	17
QUAL	0	166	25	11	13	20
QUAL	0	167	19	10	8	14
QUAL	0	168	30	19	9	20
QUAL	0	169	22	16	6	10
QUAL	0	170	17	11	6	11
QUAL	0	171	22	14	6	10
QUAL	0	172	17	8	9	14
QUAL	0	173	19	11	7	7
QUAL	0	174	17	13	4	25
QUAL	0	175	12	6	6	12
QUAL	0	176	9	5	4	16
QUAL	0	177	17	8	9	13
QUAL	0	178	18	8	10	19
QUAL	0	179	14	9	5	12
QUAL	0	180	12	8	4	17
QUAL	0	181	16	9	7	13
QUAL	0	182	9	5	4	19
QUAL	0	183	17	9	8	13
QUAL	0	184	25	13	12	11
QUAL	0	185	13	5	8	12
QUAL	0	186	20	10	8	20
QUAL	0	187	19	10	9	12
QUAL	0	188	14	6	6	16
QUAL	0	189	16	9	6	9
QUAL	0	190	18	7	11	9
QUAL	0	191	14	5	9	12
QUAL	0	192	20	11	9	15
QUAL	0	193	17	11	4	10
QUAL	0	194	11	8	2	13
QUAL	0	195	20	12	7	8
QUAL	0	196	15	7	8	11
QUAL	0	197	11	6	5	18
QUAL	0	198	19	6	13	8
QUAL	0	199	15	7	8	11
QUAL	0	200	14	7	7	15
QUAL	0	201	14	7	7	8
QUAL	0	202	25	20	3	6
QUAL	0	203	13	8	4	7
QUAL	0	204	16	9	7	13
QUAL	0	205	11	6	3	13
QUAL	0	206	19	11	8	8
QUAL	0	207	25	18	5	11
QUAL	0	208	13	11	2	18
QUAL	0	209	11	7	4	20
QUAL	0	210	19	11	7	11
QUAL	0	211	13	8	4	17
QUAL	0	212	15	10	5	11
QUAL	0	213	18	11	6	13
QUAL	0	214	20	9	10	11
QUAL	0	215	18	10	6	14
QUAL	0	216	19	7	11	18
QUAL	0	217	15	10	5	11
QUAL	0	218	14	7	5	18
QUAL	0	219	15	7	8	14
QUAL	0	220	11	6	5	18
QUAL	0	221	22	13	9	22
QUAL	0	222	7	3	3	23
QUAL	0	223	15	10	5	11
QUAL	0	224	16	10	5	15
QUAL	0	225	27	15	11	13
QUAL	0	226	17	11	6	10
QUAL	0	227	20	13	7	14
QUAL	0	228	21	14	7	9
QUAL	0	229	20	13	6	21
QUAL	0	230	19	10	9	10
QUAL	0	231	16	7	9	19
QUAL	0	232	7	3	4	20
QUAL	0	233	10	4	5	13
QUAL	0	234	11	8	3	18
QUAL	0	235	7	5	2	15
QUAL	0	236	9	4	5	16
QUAL	0	237	18	9	9	15
QUAL	0	238	12	4	8	8
QUAL	0	239	17	11	5	16
QUAL	0	240	14	9	5	10
QUAL	0	241	17	8	8	15
QUAL	0	242	12	7	5	14
QUAL	0	243	13	10	3	19
QUAL	0	244	17	10	6	13
QUAL	0	245	6	2	4	12
QUAL	0	246	24	20	3	7
QUAL	0	247	12	5	5	14
QUAL	0	248	15	8	7	16
QUAL	0	249	16	9	6	12
QUAL	0	250	19	12	6	9
QUAL	0	251	7	5	2	9
QUAL	0	252	8	7	1	9
QUAL	0	253	14	12	2	11
QUAL	0	254	15	6	8	10
QUAL	0	255	24	16	8	15
QUAL	0	256	16	10	6	8
QUAL	0	257	18	14	3	8
QUAL	0	258	19	10	8	19
QUAL	0	259	16	6	9	15
QUAL	0	260	13	4	9	11
QUAL	0	261	10	7	2	10
QUAL	0	262	17	11	5	13
QUAL	0	263	12	5	7	11
QUAL	0	264	15	5	10	7
QUAL	0	265	12	9	2	18
QUAL	0	266	19	12	6	14
QUAL	0	267	12	3	8	13
QUAL	0	268	18	14	3	11
QUAL	0	269	12	6	6	8
QUAL	0	270	19	10	9	11
QUAL	0	271	13	5	6	16
QUAL	0	272	13	7	6	11
QUAL	0	273	9	6	3	10
QUAL	0	274	11	5	5	9
QUAL	0	275	10	6	3	13
QUAL	0	276	8	6	1	11
QUAL	0	277	10	9	1	12
QUAL	0	278	11	5	5	14
QUAL	0	279	9	4	3	18
QUAL	0	280	13	8	5	17
QUAL	0	281	12	7	4	4
QUAL	0	282	18	8	9	17
QUAL	0	283	12	3	8	16
QUAL	0	284	15	10	5	8
QUAL	0	285	9	6	3	9
QUAL	0	286	11	7	4	16
QUAL	0	287	13	7	4	17
QUAL	0	288	8	5	3	14
QUAL	0	289	19	9	10	11
QUAL	0	290	8	4	3	13
QUAL	0	291	11	7	4	13
QUAL	0	292	14	8	6	17
QUAL	0	293	12	10	2	7
QUAL	0	294	13	5	7	12
QUAL	0	295	13	11	1	11
QUAL	0	296	9	5	4	14
QUAL	0	297	13	8	5	7
QUAL	0	298	14	9	5	11
QUAL	0	299	14	7	6	14
QUAL	0	300	15	11	3	13
QUAL	0	301	13	9	4	13
QUAL	0	302	8	4	4	15
QUAL	0	303	14	9	4	10
QUAL	0	304	23	8	14	12
QUAL	0	305	9	4	4	12
QUAL	0	306	16	9	7	15
QUAL	0	307	14	8	5	10
QUAL	0	308	9	5	4	9
QUAL	0	309	13	11	2	14
QUAL	0	310	20	13	6	7
QUAL	0	311	13	10	3	18
QUAL	0	312	7	3	4	14
QUAL	0	313	15	7	6	13
QUAL	0	314	17	9	7	13
QUAL	0	315	20	12	8	12
QUAL	0	316	24	13	9	11
QUAL	0	317	15	11	4	9
QUAL	0	318	16	10	5	15
QUAL	0	319	14	9	5	15
QUAL	0	320	14	8	6	21
QUAL	0	321	14	7	6	15
QUAL	0	322	16	9	7	13
QUAL	0	323	13	6	7	13
QUAL	0	324	12	8	2	14
QUAL	0	325	10	6	4	15
QUAL	0	326	12	8	4	13
QUAL	0	327	19	12	7	13
QUAL	0	328	15	10	5	13
QUAL	0	329	6	3	3	15
QUAL	0	330	14	7	7	13
QUAL	0	331	14	10	4	12
QUAL	0	332	11	6	5	22
QUAL	0	333	15	8	5	10
QUAL	0	334	18	9	9	16
QUAL	0	335	11	9	2	15
QUAL	0	336	8	3	5	14
QUAL	0	337	8	6	2	13
QUAL	0	338	12	7	4	14
QUAL	0	339	13	5	6	12
QUAL	0	340	13	6	7	8
QUAL	0	341	13	8	5	16
QUAL	0	342	10	5	5	10
QUAL	0	343	17	10	7	12
QUAL	0	344	8	4	4	10
QUAL	0	345	11	6	5	10
QUAL	0	346	14	7	4	14
QUAL	0	347	13	6	6	13
QUAL	0	348	9	7	2	11
QUAL	0	349	13	8	5	13
QUAL	0	350	9	3	5	7
QUAL	0	351	18	10	7	11
QUAL	0	352	14	8	5	14
QUAL	0	353	13	8	3	9
QUAL	0	354	22	14	8	16
QUAL	0	355	20	9	11	22
QUAL	0	356	11	9	2	6
QUAL	0	357	14	8	6	14
QUAL	0	358	14	6	8	8
QUAL	0	359	12	6	6	19
QUAL	0	360	14	10	4	20
QUAL	0	361	9	5	4	15
QUAL	0	362	10	5	5	8
QUAL	0	363	23	12	10	11
QUAL	0	364	13	7	5	7
QUAL	0	365	11	5	6	12
QUAL	0	366	16	11	5	7
QUAL	0	367	14	6	7	7
QUAL	0	368	18	12	6	12
QUAL	0	369	13	8	5	5
QUAL	0	370	13	7	5	11
QUAL	0	371	9	4	4	10
QUAL	0	372	11	9	2	10
QUAL	0	373	14	9	5	14
QUAL	0	374	14	7	6	13
QUAL	0	375	21	11	10	12
QUAL	0	376	12	8	4	10
QUAL	0	377	13	7	5	10
QUAL	0	378	11	8	3	9
QUAL	0	379	13	10	3	19
QUAL	0	380	7	4	3	7
QUAL	0	381	7	5	2	11
QUAL	0	382	6	3	3	15
QUAL	0	383	14	10	3	10
QUAL	0	384	16	7	9	15
QUAL	0	385	14	9	5	10
QUAL	0	386	13	11	2	9
QUAL	0	387	18	9	9	6
QUAL	0	388	17	11	5	13
QUAL	0	389	13	7	6	13
QUAL	0	390	18	14	4	9
QUAL	0	391	6	2	4	12
QUAL	0	392	19	14	4	10
QUAL	0	393	19	10	9	13
QUAL	0	394	14	8	6	10
QUAL	0	395	12	8	3	19
QUAL	0	396	24	13	10	9
QUAL	0	397	15	11	4	15
QUAL	0	398	24	16	8	14
QUAL	0	399	7	5	2	11
QUAL	0	400	13	9	4	8
QUAL	0	401	8	5	3	12
QUAL	0	402	15	11	4	20
QUAL	0	403	17	11	6	10
QUAL	0	404	14	7	7	8
QUAL	0	405	14	9	5	8
QUAL	0	406	23	12	8	13
QUAL	0	407	11	7	4	4
QUAL	0	408	15	7	7	14
QUAL	0	409	21	12	8	6
QUAL	0	410	10	6	4	9
QUAL	0	411	20	14	6	17
QUAL	0	412	17	11	5	15
QUAL	0	413	18	13	5	7
QUAL	0	414	20	15	5	18
QUAL	0	415	14	5	8	8
QUAL	0	416	10	4	4	11
QUAL	0	417	20	16	4	10
QUAL	0	418	24	14	9	16
QUAL	0	419	18	13	5	14
QUAL	0	420	18	11	7	9
QUAL	0	421	16	11	5	13
QUAL	0	422	19	12	7	11
QUAL	0	423	17	14	2	13
QUAL	0	424	23	13	10	15
QUAL	0	425	14	9	5	10
QUAL	0	426	24	16	8	14
QUAL	0	427	17	11	6	8
QUAL	0	428	14	8	4	10
QUAL	0	429	16	11	5	10
QUAL	0	430	17	10	6	16
QUAL	0	431	13	11	2	10
QUAL	0	432	12	9	3	9
QUAL	0	433	14	9	5	9
QUAL	0	434	20	9	10	13
QUAL	0	435	14	10	4	15
QUAL	0	436	27	19	7	11
QUAL	0	437	17	6	11	10
QUAL	0	438	16	11	5	11
QUAL	0	439	16	9	7	17
QUAL	0	440	15	13	2	7
QUAL	0	441	27	20	6	6
QUAL	0	442	14	9	5	13
QUAL	0	443	16	6	10	15
QUAL	0	444	20	12	8	11
QUAL	0	445	23	15	7	14
QUAL	0	446	10	4	6	13
QUAL	0	447	13	8	5	14
QUAL	0	448	16	13	3	12
QUAL	0	449	18	16	2	8
QUAL	0	450	28	17	11	15
QUAL	0	451	20	10	10	10
QUAL	0	452	13	11	2	11
QUAL	0	453	12	7	5	11
QUAL	0	454	13	8	4	11
QUAL	0	455	19	13	3	10
QUAL	0	456	20	14	6	12
QUAL	0	457	9	6	3	7
QUAL	0	458	15	7	8	10
QUAL	0	459	17	10	7	12
QUAL	0	460	29	18	11	6
QUAL	0	461	16	10	6	14
QUAL	0	462	19	11	8	16
QUAL	0	463	20	13	7	11
QUAL	0	464	16	11	3	11
QUAL	0	465	22	13	8	6
QUAL	0	466	23	15	8	19
QUAL	0	467	20	13	7	11
QUAL	0	468	28	17	11	6
QUAL	0	469	19	17	2	9
QUAL	0	470	15	5	9	12
QUAL	0	471	22	16	5	10
QUAL	0	472	14	11	2	18
QUAL	0	473	26	17	9	15
QUAL	0	474	24	13	11	15
QUAL	0	475	17	14	3	14
QUAL	0	476	18	13	5	9
QUAL	0	477	20	13	7	4
QUAL	0	478	19	12	7	11
QUAL	0	479	17	13	4	9
QUAL	0	480	18	11	7	13
QUAL	0	481	25	15	10	11
QUAL	0	482	19	12	7	7
QUAL	0	483	20	17	3	13
QUAL	0	484	22	15	7	9
QUAL	0	485	15	10	5	8
QUAL	0	486	20	17	3	15
QUAL	0	487	23	15	8	13
QUAL	0	488	12	6	6	9
QUAL	0	489	19	14	5	17
QUAL	0	490	20	14	6	9
QUAL	0	491	24	14	9	12
QUAL	0	492	19	12	7	9
QUAL	0	493	26	17	8	12
QUAL	0	494	26	16	10	13
QUAL	0	495	20	15	5	7
QUAL	0	496	13	10	3	7
QUAL	0	497	25	20	5	11
QUAL	0	498	21	17	4	20
QUAL	0	499	22	14	8	6
QUAL	0	500	21	15	5	12
QUAL	0	501	27	15	12	10
QUAL	0	502	14	9	5	12
QUAL	0	503	19	13	5	10
QUAL	0	504	19	16	3	7
QUAL	0	505	20	13	7	9
QUAL	0	506	15	6	9	7
QUAL	0	507	29	20	8	13
QUAL	0	508	23	15	8	12
QUAL	0	509	21	14	7	12
QUAL	0	510	26	19	7	6
QUAL	0	511	23	18	5	15
QUAL	0	512	18	13	5	11
QUAL	0	513	24	16	8	9
QUAL	0	514	21	16	5	3
QUAL	0	515	24	16	8	11
QUAL	0	516	23	12	10	9
QUAL	0	517	24	14	10	9
QUAL	0	518	19	15	3	9
QUAL	0	519	27	19	8	21
QUAL	0	520	24	14	10	13
QUAL	0	521	19	8	9	9
QUAL	0	522	21	13	8	6
QUAL	0	523	28	16	11	15
QUAL	0	524	18	10	8	7
QUAL	0	525	18	12	5	15
QUAL	0	526	20	14	6	7
QUAL	0	527	25	13	12	10
QUAL	0	528	23	16	7	14
QUAL	0	529	28	18	10	12
QUAL	0	530	28	17	11	9
QUAL	0	531	18	13	5	11
QUAL	0	532	28	19	9	16
QUAL	0	533	24	13	11	13
QUAL	0	534	32	23	9	13
QUAL	0	535	37	25	12	12
QUAL	0	536	19	9	10	3
QUAL	0	537	24	14	10	14
QUAL	0	538	30	16	12	13
QUAL	0	539	34	23	10	11
QUAL	0	540	27	17	10	13
QUAL	0	541	27	21	6	11
QUAL	0	542	29	21	8	7
QUAL	0	543	20	14	5	4
QUAL	0	544	24	12	12	10
QUAL	0	545	27	14	12	14
QUAL	0	546	27	17	10	11
QUAL	0	547	31	16	15	15
QUAL	0	548	24	13	11	9
QUAL	0	549	29	17	11	11
QUAL	0	550	23	17	6	14
QUAL	0	551	25	16	8	14
QUAL	0	552	28	20	8	12
QUAL	0	553	31	19	12	13
QUAL	0	554	26	17	9	10
QUAL	0	555	24	15	8	14
QUAL	0	556	28	18	9	7
QUAL	0	557	20	15	5	10
QUAL	0	558	19	16	3	8
QUAL	0	559	21	14	7	9
QUAL	0	560	25	17	8	9
QUAL	0	561	36	24	12	7
QUAL	0	562	27	20	7	11
QUAL	0	563	27	14	13	8
QUAL	0	564	23	20	3	13
QUAL	0	565	21	11	10	7
QUAL	0	566	26	17	9	14
QUAL	0	567	34	27	7	6
QUAL	0	568	28	17	11	15
QUAL	0	569	30	17	13	7
QUAL	0	570	25	20	4	13
QUAL	0	571	26	17	8	12
QUAL	0	572	32	20	12	2
QUAL	0	573	38	25	12	11
QUAL	0	574	27	18	9	15
QUAL	0	575	28	19	9	8
QUAL	0	576	34	22	11	10
QUAL	0	577	29	23	6	4
QUAL	0	578	27	21	6	7
QUAL	0	579	26	16	10	6
QUAL	0	580	37	25	12	10
QUAL	0	581	25	18	6	12
QUAL	0	582	31	19	11	12
QUAL	0	583	31	18	13	8
QUAL	0	584	24	16	7	13
QUAL	0	585	26	16	10	11
QUAL	0	586	28	17	11	7
QUAL	0	587	29	21	8	14
QUAL	0	588	39	27	12	13
QUAL	0	589	28	16	9	14
QUAL	0	590	39	30	9	4
QUAL	0	591	27	22	5	12
QUAL	0	592	25	19	6	8
QUAL	0	593	28	19	9	16
QUAL	0	594	34	24	10	16
QUAL	0	595	31	19	12	12
QUAL	0	596	32	23	7	17
QUAL	0	597	35	25	9	9
QUAL	0	598	30	20	8	12
QUAL	0	599	31	20	11	11
QUAL	0	600	34	29	5	14
QUAL	0	601	32	21	11	8
QUAL	0	602	43	33	10	15
QUAL	0	603	29	20	9	9
QUAL	0	604	24	17	7	6
QUAL	0	605	32	24	7	11
QUAL	0	606	34	23	11	10
QUAL	0	607	32	21	9	15
QUAL	0	608	27	19	8	11
QUAL	0	609	35	26	9	10
QUAL	0	610	38	30	6	10
QUAL	0	611	26	23	2	7
QUAL	0	612	35	24	11	9
QUAL	0	613	37	29	6	7
QUAL	0	614	29	16	13	9
QUAL	0	615	34	25	9	9
QUAL	0	616	31	23	7	4
QUAL	0	617	38	32	5	7
QUAL	0	618	25	21	4	12
QUAL	0	619	28	16	12	9
QUAL	0	620	46	30	15	7
QUAL	0	621	40	27	13	8
QUAL	0	622	30	22	8	7
QUAL	0	623	34	24	10	7
QUAL	0	624	41	30	11	14
QUAL	0	625	31	23	8	13
QUAL	0	626	37	27	9	12
QUAL	0	627	41	27	13	7
QUAL	0	628	31	21	10	10
QUAL	0	629	32	29	3	12
QUAL	0	630	43	26	17	11
QUAL	0	631	30	20	10	6
QUAL	0	632	28	16	12	9
QUAL	0	633	38	29	9	9
QUAL	0	634	43	31	12	9
QUAL	0	635	35	25	9	13
QUAL	0	636	34	21	12	23
QUAL	0	637	30	17	13	10
QUAL	0	638	33	19	14	15
QUAL	0	639	47	41	6	11
QUAL	0	640	38	20	16	11
QUAL	0	641	33	20	13	12
QUAL	0	642	35	22	12	14
QUAL	0	643	39	31	8	15
QUAL	0	644	37	26	11	12
QUAL	0	645	36	24	12	8
QUAL	0	646	34	20	14	10
QUAL	0	647	38	24	13	9
QUAL	0	648	30	20	10	13
QUAL	0	649	24	17	7	7
QUAL	0	650	35	20	15	5
QUAL	0	651	37	24	13	7
QUAL	0	652	43	30	12	8
QUAL	0	653	36	25	11	16
QUAL	0	654	39	24	15	14
QUAL	0	655	31	24	6	8
QUAL	0	656	31	21	9	10
QUAL	0	657	41	25	16	7
QUAL	0	658	36	28	8	8
QUAL	0	659	35	25	10	5
QUAL	0	660	35	19	15	10
QUAL	0	661	43	27	12	6
QUAL	0	662	32	24	7	15
QUAL	0	663	29	20	9	9
QUAL	0	664	44	29	15	8
QUAL	0	665	43	32	9	8
QUAL	0	666	40	34	6	9
QUAL	0	667	25	13	12	13
QUAL	0	668	36	27	9	8
QUAL	0	669	39	25	14	7
QUAL	0	670	40	27	13	8
QUAL	0	671	32	22	10	8
QUAL	0	672	29	20	9	11
QUAL	0	673	34	26	8	8
QUAL	0	674	37	31	6	13
QUAL	0	675	39	27	12	11
QUAL	0	676	37	19	18	9
QUAL	0	677	34	23	11	11
QUAL	0	678	35	24	11	7
QUAL	0	679	51	34	17	18
QUAL	0	680	35	27	8	11
QUAL	0	681	30	20	10	11
QUAL	0	682	40	27	13	10
QUAL	0	683	40	31	9	12
QUAL	0	684	37	28	8	9
QUAL	0	685	39	22	17	14
QUAL	0	686	20	14	6	8
QUAL	0	687	48	32	15	8
QUAL	0	688	43	33	10	7
QUAL	0	689	35	23	12	7
QUAL	0	690	35	27	8	19
QUAL	0	691	49	23	26	7
QUAL	0	692	36	21	15	5
QUAL	0	693	46	31	13	11
QUAL	0	694	60	36	24	12
QUAL	0	695	36	23	13	9
QUAL	0	696	47	33	14	10
QUAL	0	697	34	21	13	10
QUAL	0	698	37	27	10	8
QUAL	0	699	42	32	10	8
QUAL	0	700	40	26	14	9
QUAL	0	701	35	26	9	7
QUAL	0	702	33	21	12	8
QUAL	0	703	43	31	11	11
QUAL	0	704	54	36	18	16
QUAL	0	705	43	25	18	14
QUAL	0	706	35	24	10	4
QUAL	0	707	44	26	18	7
QUAL	0	708	42	30	12	14
QUAL	0	709	31	23	8	15
QUAL	0	710	49	33	16	8
QUAL	0	711	47	38	9	15
QUAL	0	712	47	30	17	8
QUAL	0	713	34	25	9	6
QUAL	0	714	39	23	15	10
QUAL	0	715	55	39	16	8
QUAL	0	716	48	35	12	13
QUAL	0	717	40	30	10	12
QUAL	0	718	40	28	12	12
QUAL	0	719	46	30	16	10
QUAL	0	720	45	34	11	7
QUAL	0	721	34	20	14	11
QUAL	0	722	39	28	10	13
QUAL	0	723	42	32	10	9
QUAL	0	724	37	27	10	4
QUAL	0	725	49	37	12	8
QUAL	0	726	38	25	11	8
QUAL	0	727	31	26	4	10
QUAL	0	728	43	34	9	17
QUAL	0	729	33	23	10	6
QUAL	0	730	37	25	12	9
QUAL	0	731	44	29	15	6
QUAL	0	732	36	23	13	9
QUAL	0	733	38	29	9	7
QUAL	0	734	41	30	11	10
QUAL	0	735	32	24	8	7
QUAL	0	736	36	25	11	11
QUAL	0	737	40	30	10	4
QUAL	0	738	33	26	7	22
QUAL	0	739	54	34	20	9
QUAL	0	740	59	39	20	5
QUAL	0	741	48	34	14	7
QUAL	0	742	45	34	10	5
QUAL	0	743	35	26	9	7
QUAL	0	744	46	32	13	8
QUAL	0	745	45	21	21	11
QUAL	0	746	42	27	15	10
QUAL	0	747	51	34	16	9
QUAL	0	748	38	27	11	6
QUAL	0	749	47	27	19	14
QUAL	0	750	53	43	10	15
QUAL	0	751	34	27	7	13
QUAL	0	752	41	29	11	6
QUAL	0	753	35	23	12	9
QUAL	0	754	39	31	8	9
QUAL	0	755	41	26	14	12
QUAL	0	756	37	29	8	8
QUAL	0	757	44	37	7	13
QUAL	0	758	43	33	10	9
QUAL	0	759	40	25	15	4
QUAL	0	760	41	26	15	10
QUAL	0	761	39	26	13	8
QUAL	0	762	50	36	14	11
QUAL	0	763	40	27	12	4
QUAL	0	764	48	35	13	19
QUAL	0	765	47	30	17	6
QUAL	0	766	40	29	10	12
QUAL	0	767	37	24	13	9
QUAL	0	768	45	31	14	9
QUAL	0	769	42	29	13	11
QUAL	0	770	51	38	13	5
QUAL	0	771	36	27	9	11
QUAL	0	772	40	30	10	6
QUAL	0	773	49	35	14	6
QUAL	0	774	48	30	18	8
QUAL	0	775	40	29	11	5
QUAL	0	776	52	35	17	9
QUAL	0	777	52	35	17	9
QUAL	0	778	40	29	10	5
QUAL	0	779	45	29	16	9
QUAL	0	780	36	25	10	15
QUAL	0	781	48	33	15	9
QUAL	0	782	36	24	12	7
QUAL	0	783	45	35	9	13
QUAL	0	784	49	35	14	7
QUAL	0	785	46	27	17	5
QUAL	0	786	46	34	12	8
QUAL	0	787	38	23	15	8
QUAL	0	788	44	26	18	9
QUAL	0	789	50	34	16	13
QUAL	0	790	44	31	12	7
QUAL	0	791	43	31	12	10
QUAL	0	792	35	26	9	8
QUAL	0	793	42	28	14	15
QUAL	0	794	50	32	18	14
QUAL	0	795	42	23	19	10
QUAL	0	796	55	36	19	9
QUAL	0	797	40	31	9	11
QUAL	0	798	48	35	13	8
QUAL	0	799	46	38	8	9
QUAL	0	800	33	22	11	14
QUAL	0	801	55	34	21	12
QUAL	0	802	42	31	10	10
QUAL	0	803	51	32	18	9
QUAL	0	804	53	35	18	16
QUAL	0	805	53	37	16	6
QUAL	0	806	60	42	18	11
QUAL	0	807	43	25	18	7
QUAL	0	808	35	24	11	9
QUAL	0	809	43	26	17	5
QUAL	0	810	37	29	8	9
QUAL	0	811	43	33	10	8
QUAL	0	812	46	34	12	9
QUAL	0	813	35	25	10	10
QUAL	0	814	38	26	11	8
QUAL	0	815	42	31	10	7
QUAL	0	816	30	23	7	3
QUAL	0	817	45	27	18	10
QUAL	0	818	49	36	12	7
QUAL	0	819	43	31	12	7
QUAL	0	820	50	29	21	7
QUAL	0	821	37	22	15	10
QUAL	0	822	46	33	13	11
QUAL	0	823	39	24	15	13
QUAL	0	824	44	32	12	10
QUAL	0	825	43	32	11	11
QUAL	0	826	61	39	22	8
QUAL	0	827	54	33	21	2
QUAL	0	828	56	41	15	8
QUAL	0	829	45	30	15	6
QUAL	0	830	46	29	17	11
QUAL	0	831	50	36	14	11
QUAL	0	832	47	36	11	13
QUAL	0	833	45	36	9	8
QUAL	0	834	39	23	15	12
QUAL	0	835	58	36	21	12
QUAL	0	836	25	16	8	8
QUAL	0	837	42	29	13	11
QUAL	0	838	34	23	11	11
QUAL	0	839	33	25	8	5
QUAL	0	840	40	31	9	4
QUAL	0	841	43	35	7	10
QUAL	0	842	45	28	17	6
QUAL	0	843	46	35	11	11
QUAL	0	844	42	30	12	7
QUAL	0	845	56	33	22	7
QUAL	0	846	38	27	11	8
QUAL	0	847	44	31	11	14
QUAL	0	848	44	31	13	9
QUAL	0	849	45	28	17	6
QUAL	0	850	51	33	18	8
QUAL	0	851	46	39	7	10
QUAL	0	852	43	28	15	9
QUAL	0	853	32	19	13	2
QUAL	0	854	48	26	21	12
QUAL	0	855	33	24	8	19
QUAL	0	856	46	34	12	13
QUAL	0	857	37	25	11	6
QUAL	0	858	48	27	21	8
QUAL	0	859	47	30	17	10
QUAL	0	860	42	29	13	8
QUAL	0	861	36	30	5	7
QUAL	0	862	49	30	19	10
QUAL	0	863	35	23	12	10
QUAL	0	864	31	26	5	16
QUAL	0	865	39	30	9	7
QUAL	0	866	41	26	15	10
QUAL	0	867	52	37	15	10
QUAL	0	868	43	26	17	8
QUAL	0	869	44	28	16	9
QUAL	0	870	40	25	15	4
QUAL	0	871	47	34	13	9
QUAL	0	872	57	41	15	8
QUAL	0	873	58	36	20	8
QUAL	0	874	34	21	13	16
QUAL	0	875	44	28	16	7
QUAL	0	876	47	33	14	7
QUAL	0	877	44	32	11	6
QUAL	0	878	51	36	13	9
QUAL	0	879	45	25	20	10
QUAL	0	880	53	40	13	9
QUAL	0	881	42	24	17	11
QUAL	0	882	34	26	8	10
QUAL	0	883	46	33	12	9
QUAL	0	884	45	27	18	7
QUAL	0	885	46	27	19	14
QUAL	0	886	41	34	7	13
QUAL	0	887	35	25	9	7
QUAL	0	888	36	24	12	13
QUAL	0	889	44	32	12	7
QUAL	0	890	27	14	13	5
QUAL	0	891	54	40	14	12
QUAL	0	892	41	26	15	5
QUAL	0	893	49	33	16	9
QUAL	0	894	28	19	8	7
QUAL	0	895	45	30	15	7
QUAL	0	896	46	35	10	9
QUAL	0	897	41	30	11	11
QUAL	0	898	35	25	9	5
QUAL	0	899	51	32	18	9
QUAL	0	900	42	29	13	12
QUAL	0	901	40	28	12	10
QUAL	0	902	40	30	10	5
QUAL	0	903	38	21	17	6
QUAL	0	904	28	21	7	9
QUAL	0	905	51	35	16	4
QUAL	0	906	39	25	13	6
QUAL	0	907	42	28	13	4
QUAL	0	908	37	26	10	9
QUAL	0	909	47	33	14	7
QUAL	0	910	41	30	11	5
QUAL	0	911	47	35	12	6
QUAL	0	912	43	29	12	10
QUAL	0	913	44	30	14	4
QUAL	0	914	31	22	9	9
QUAL	0	915	52	39	13	5
QUAL	0	916	45	33	12	11
QUAL	0	917	40	31	9	8
QUAL	0	918	32	18	14	10
QUAL	0	919	41	25	16	5
QUAL	0	920	44	34	10	14
QUAL	0	921	39	28	11	11
QUAL	0	922	36	26	10	11
QUAL	0	923	47	35	11	9
QUAL	0	924	44	30	13	9
QUAL	0	925	41	29	12	7
QUAL	0	926	40	31	9	9
QUAL	0	927	44	30	14	5
QUAL	0	928	45	30	15	7
QUAL	0	929	38	25	13	4
QUAL	0	930	35	29	6	12
QUAL	0	931	45	30	15	7
QUAL	0	932	40	28	12	7
QUAL	0	933	40	27	13	6
QUAL	0	934	36	26	10	9
QUAL	0	935	47	32	14	4
QUAL	0	936	29	18	11	13
QUAL	0	937	43	28	15	7
QUAL	0	938	41	26	15	7
QUAL	0	939	56	29	27	8
QUAL	0	940	49	37	12	7
QUAL	0	941	42	23	19	7
QUAL	0	942	38	30	8	5
QUAL	0	943	31	22	9	8
QUAL	0	944	32	21	11	7
QUAL	0	945	48	39	9	14
QUAL	0	946	32	24	8	11
QUAL	0	947	47	33	14	6
QUAL	0	948	34	20	14	7
QUAL	0	949	45	28	17	6
QUAL	0	950	32	23	9	9
QUAL	0	951	43	27	16	10
QUAL	0	952	44	29	15	3
QUAL	0	953	41	27	13	8
QUAL	0	954	37	24	12	7
QUAL	0	955	34	23	11	9
QUAL	0	956	40	23	16	8
QUAL	0	957	38	25	13	9
QUAL	0	958	29	23	6	10
QUAL	0	959	33	22	11	7
QUAL	0	960	35	19	16	7
QUAL	0	961	37	32	5	6
QUAL	0	962	50	32	18	8
QUAL	0	963	41	36	4	6
QUAL	0	964	37	23	14	8
QUAL	0	965	41	27	14	13
QUAL	0	966	41	27	14	6
QUAL	0	967	31	23	7	5
QUAL	0	968	40	28	12	5
QUAL	0	969	24	15	9	5
QUAL	0	970	33	22	11	3
QUAL	0	971	32	20	12	9
QUAL	0	972	35	26	9	13
QUAL	0	973	40	30	9	6
QUAL	0	974	36	22	14	3
QUAL	0	975	40	29	10	10
QUAL	0	976	40	32	8	12
QUAL	0	977	25	13	12	8
QUAL	0	978	39	31	8	9
QUAL	0	979	35	26	9	9
QUAL	0	980	32	23	9	8
QUAL	0	981	36	23	12	14
QUAL	0	982	33	24	9	4
QUAL	0	983	44	26	18	7
QUAL	0	984	45	32	13	5
QUAL	0	985	37	24	13	6
QUAL	0	986	33	29	4	5
QUAL	0	987	30	25	5	10
QUAL	0	988	40	31	9	9
QUAL	0	989	41	25	16	5
QUAL	0	990	41	31	10	7
QUAL	0	991	44	29	15	7
QUAL	0	992	28	19	8	11
QUAL	0	993	30	25	5	8
QUAL	0	994	35	24	11	8
QUAL	0	995	34	23	10	6
QUAL	0	996	34	22	12	8
QUAL	0	997	24	17	7	11
QUAL	0	998	85042	58283	26523	13441
# IDD, InDel distribution:
# IDD	[2]id	[3]length (deletions negative)	[4]count
IDD	0	-60	64
IDD	0	-59	1
IDD	0	-58	1
IDD	0	-56	6
IDD	0	-55	1
IDD	0	-54	2
IDD	0	-53	2
IDD	0	-52	4
IDD	0	-51	6
IDD	0	-50	6
IDD	0	-49	7
IDD	0	-48	11
IDD	0	-47	3
IDD	0	-46	5
IDD	0	-45	2
IDD	0	-44	5
IDD	0	-43	2
IDD	0	-42	10
IDD	0	-41	1
IDD	0	-40	5
IDD	0	-39	5
IDD	0	-38	13
IDD	0	-37	1
IDD	0	-36	11
IDD	0	-35	5
IDD	0	-34	12
IDD	0	-33	4
IDD	0	-32	21
IDD	0	-31	8
IDD	0	-30	14
IDD	0	-29	9
IDD	0	-28	25
IDD	0	-27	17
IDD	0	-26	22
IDD	0	-25	15
IDD	0	-24	50
IDD	0	-23	22
IDD	0	-22	31
IDD	0	-21	15
IDD	0	-20	84
IDD	0	-19	27
IDD	0	-18	87
IDD	0	-17	39
IDD	0	-16	133
IDD	0	-15	82
IDD	0	-14	115
IDD	0	-13	61
IDD	0	-12	239
IDD	0	-11	78
IDD	0	-10	242
IDD	0	-9	98
IDD	0	-8	440
IDD	0	-7	145
IDD	0	-6	493
IDD	0	-5	387
IDD	0	-4	1391
IDD	0	-3	907
IDD	0	-2	2534
IDD	0	-1	6173
IDD	0	1	6275
IDD	0	2	2520
IDD	0	3	935
IDD	0	4	1429
IDD	0	5	428
IDD	0	6	469
IDD	0	7	198
IDD	0	8	442
IDD	0	9	132
IDD	0	10	244
IDD	0	11	75
IDD	0	12	243
IDD	0	13	57
IDD	0	14	91
IDD	0	15	81
IDD	0	16	110
IDD	0	17	35
IDD	0	18	54
IDD	0	19	40
IDD	0	20	92
IDD	0	21	40
IDD	0	22	26
IDD	0	23	14
IDD	0	24	42
IDD	0	25	14
IDD	0	26	21
IDD	0	27	14
IDD	0	28	20
IDD	0	29	10
IDD	0	30	22
IDD	0	31	10
IDD	0	32	15
IDD	0	33	3
IDD	0	34	4
IDD	0	35	8
IDD	0	36	15
IDD	0	37	11
IDD	0	38	8
IDD	0	39	5
IDD	0	40	9
IDD	0	41	2
IDD	0	42	5
IDD	0	43	5
IDD	0	44	3
IDD	0	45	2
IDD	0	46	4
IDD	0	47	2
IDD	0	48	4
IDD	0	49	3
IDD	0	50	1
IDD	0	51	1
IDD	0	52	3
IDD	0	53	1
IDD	0	54	2
IDD	0	56	4
IDD	0	57	3
IDD	0	58	4
IDD	0	59	1
IDD	0	60	41
# ST, Substitution types:
# ST	[2]id	[3]type	[4]count
ST	0	A>C	4481
ST	0	A>G	18054
ST	0	A>T	3903
ST	0	C>A	4934
ST	0	C>G	4715
ST	0	C>T	20094
ST	0	G>A	20674
ST	0	G>C	4899
ST	0	G>T	4917
ST	0	T>A	3712
ST	0	T>C	17836
ST	0	T>G	4725
# DP, Depth distribution
# DP	[2]id	[3]bin	[4]number of genotypes	[5]fraction of genotypes (%)	[6]number of sites	[7]fraction of sites (%)
DP	0	1	0	0.000000	11	0.008009
DP	0	2	0	0.000000	126	0.091735
DP	0	3	0	0.000000	69	0.050236
DP	0	4	0	0.000000	38	0.027666
DP	0	5	0	0.000000	37	0.026938
DP	0	6	0	0.000000	53	0.038587
DP	0	7	0	0.000000	40	0.029122
DP	0	8	0	0.000000	45	0.032763
DP	0	9	0	0.000000	47	0.034219
DP	0	10	0	0.000000	37	0.026938
DP	0	11	0	0.000000	36	0.026210
DP	0	12	0	0.000000	37	0.026938
DP	0	13	0	0.000000	49	0.035675
DP	0	14	0	0.000000	45	0.032763
DP	0	15	0	0.000000	53	0.038587
DP	0	16	0	0.000000	52	0.037859
DP	0	17	0	0.000000	58	0.042227
DP	0	18	0	0.000000	75	0.054604
DP	0	19	0	0.000000	74	0.053876
DP	0	20	0	0.000000	78	0.056788
DP	0	21	0	0.000000	61	0.044411
DP	0	22	0	0.000000	69	0.050236
DP	0	23	0	0.000000	65	0.047324
DP	0	24	0	0.000000	62	0.045139
DP	0	25	0	0.000000	63	0.045868
DP	0	26	0	0.000000	71	0.051692
DP	0	27	0	0.000000	56	0.040771
DP	0	28	0	0.000000	76	0.055332
DP	0	29	0	0.000000	90	0.065525
DP	0	30	0	0.000000	79	0.057516
DP	0	31	0	0.000000	75	0.054604
DP	0	32	0	0.000000	80	0.058245
DP	0	33	0	0.000000	84	0.061157
DP	0	34	0	0.000000	88	0.064069
DP	0	35	0	0.000000	98	0.071350
DP	0	36	0	0.000000	100	0.072806
DP	0	37	0	0.000000	104	0.075718
DP	0	38	0	0.000000	108	0.078630
DP	0	39	0	0.000000	98	0.071350
DP	0	40	0	0.000000	103	0.074990
DP	0	41	0	0.000000	109	0.079358
DP	0	42	0	0.000000	113	0.082270
DP	0	43	0	0.000000	116	0.084455
DP	0	44	0	0.000000	125	0.091007
DP	0	45	0	0.000000	135	0.098288
DP	0	46	0	0.000000	126	0.091735
DP	0	47	0	0.000000	154	0.112121
DP	0	48	0	0.000000	145	0.105568
DP	0	49	0	0.000000	155	0.112849
DP	0	50	0	0.000000	132	0.096103
DP	0	51	0	0.000000	146	0.106296
DP	0	52	0	0.000000	173	0.125954
DP	0	53	0	0.000000	173	0.125954
DP	0	54	0	0.000000	158	0.115033
DP	0	55	0	0.000000	169	0.123042
DP	0	56	0	0.000000	167	0.121585
DP	0	57	0	0.000000	176	0.128138
DP	0	58	0	0.000000	206	0.149980
DP	0	59	0	0.000000	201	0.146339
DP	0	60	0	0.000000	197	0.143427
DP	0	61	0	0.000000	199	0.144883
DP	0	62	0	0.000000	197	0.143427
DP	0	63	0	0.000000	216	0.157260
DP	0	64	0	0.000000	194	0.141243
DP	0	65	0	0.000000	220	0.160172
DP	0	66	0	0.000000	192	0.139787
DP	0	67	0	0.000000	211	0.153620
DP	0	68	0	0.000000	178	0.129594
DP	0	69	0	0.000000	238	0.173277
DP	0	70	0	0.000000	204	0.148524
DP	0	71	0	0.000000	217	0.157988
DP	0	72	0	0.000000	244	0.177646
DP	0	73	0	0.000000	208	0.151436
DP	0	74	0	0.000000	216	0.157260
DP	0	75	0	0.000000	228	0.165997
DP	0	76	0	0.000000	248	0.180558
DP	0	77	0	0.000000	236	0.171821
DP	0	78	0	0.000000	232	0.168909
DP	0	79	0	0.000000	262	0.190751
DP	0	80	0	0.000000	275	0.200216
DP	0	81	0	0.000000	253	0.184198
DP	0	82	0	0.000000	302	0.219873
DP	0	83	0	0.000000	292	0.212592
DP	0	84	0	0.000000	302	0.219873
DP	0	85	0	0.000000	310	0.225697
DP	0	86	0	0.000000	291	0.211864
DP	0	87	0	0.000000	319	0.232250
DP	0	88	0	0.000000	322	0.234434
DP	0	89	0	0.000000	341	0.248267
DP	0	90	0	0.000000	347	0.252636
DP	0	91	0	0.000000	335	0.243899
DP	0	92	0	0.000000	369	0.268653
DP	0	93	0	0.000000	366	0.266469
DP	0	94	0	0.000000	386	0.281030
DP	0	95	0	0.000000	395	0.287582
DP	0	96	0	0.000000	420	0.305784
DP	0	97	0	0.000000	424	0.308696
DP	0	98	0	0.000000	484	0.352379
DP	0	99	0	0.000000	444	0.323257
DP	0	100	0	0.000000	484	0.352379
DP	0	101	0	0.000000	556	0.404799
DP	0	102	0	0.000000	586	0.426641
DP	0	103	0	0.000000	626	0.455763
DP	0	104	0	0.000000	739	0.538034
DP	0	105	0	0.000000	757	0.551139
DP	0	106	0	0.000000	746	0.543130
DP	0	107	0	0.000000	889	0.647242
DP	0	108	0	0.000000	925	0.673452
DP	0	109	0	0.000000	987	0.718592
DP	0	110	0	0.000000	1028	0.748442
DP	0	111	0	0.000000	1141	0.830712
DP	0	112	0	0.000000	1261	0.918079
DP	0	113	0	0.000000	1283	0.934096
DP	0	114	0	0.000000	1418	1.032384
DP	0	115	0	0.000000	1480	1.077523
DP	0	116	0	0.000000	1539	1.120479
DP	0	117	0	0.000000	1631	1.187460
DP	0	118	0	0.000000	1760	1.281379
DP	0	119	0	0.000000	1884	1.371658
DP	0	120	0	0.000000	1851	1.347632
DP	0	121	0	0.000000	1922	1.399324
DP	0	122	0	0.000000	2065	1.503436
DP	0	123	0	0.000000	2072	1.508533
DP	0	124	0	0.000000	2213	1.611189
DP	0	125	0	0.000000	2171	1.580610
DP	0	126	0	0.000000	2200	1.601724
DP	0	127	0	0.000000	2169	1.579154
DP	0	128	0	0.000000	2195	1.598084
DP	0	129	0	0.000000	2233	1.625750
DP	0	130	0	0.000000	2226	1.620654
DP	0	131	0	0.000000	2145	1.561681
DP	0	132	0	0.000000	2216	1.613373
DP	0	133	0	0.000000	2276	1.657056
DP	0	134	0	0.000000	2217	1.614101
DP	0	135	0	0.000000	2161	1.573330
DP	0	136	0	0.000000	2189	1.593715
DP	0	137	0	0.000000	2178	1.585707
DP	0	138	0	0.000000	2144	1.560953
DP	0	139	0	0.000000	2094	1.524550
DP	0	140	0	0.000000	2120	1.543480
DP	0	141	0	0.000000	2008	1.461937
DP	0	142	0	0.000000	2054	1.495428
DP	0	143	0	0.000000	2003	1.458297
DP	0	144	0	0.000000	1971	1.434999
DP	0	145	0	0.000000	1986	1.445920
DP	0	146	0	0.000000	1947	1.417526
DP	0	147	0	0.000000	1882	1.370202
DP	0	148	0	0.000000	1853	1.349088
DP	0	149	0	0.000000	1773	1.290844
DP	0	150	0	0.000000	1678	1.221679
DP	0	151	0	0.000000	1708	1.243520
DP	0	152	0	0.000000	1558	1.134312
DP	0	153	0	0.000000	1597	1.162706
DP	0	154	0	0.000000	1545	1.124847
DP	0	155	0	0.000000	1456	1.060050
DP	0	156	0	0.000000	1450	1.055682
DP	0	157	0	0.000000	1353	0.985060
DP	0	158	0	0.000000	1267	0.922447
DP	0	159	0	0.000000	1213	0.883132
DP	0	160	0	0.000000	1205	0.877308
DP	0	161	0	0.000000	1249	0.909342
DP	0	162	0	0.000000	1154	0.840177
DP	0	163	0	0.000000	1066	0.776108
DP	0	164	0	0.000000	1057	0.769556
DP	0	165	0	0.000000	960	0.698934
DP	0	166	0	0.000000	897	0.653067
DP	0	167	0	0.000000	862	0.627585
DP	0	168	0	0.000000	805	0.586085
DP	0	169	0	0.000000	783	0.570068
DP	0	170	0	0.000000	722	0.525657
DP	0	171	0	0.000000	720	0.524201
DP	0	172	0	0.000000	639	0.465228
DP	0	173	0	0.000000	621	0.452123
DP	0	174	0	0.000000	552	0.401887
DP	0	175	0	0.000000	533	0.388054
DP	0	176	0	0.000000	456	0.331994
DP	0	177	0	0.000000	448	0.326169
DP	0	178	0	0.000000	404	0.294135
DP	0	179	0	0.000000	418	0.304328
DP	0	180	0	0.000000	365	0.265741
DP	0	181	0	0.000000	287	0.208952
DP	0	182	0	0.000000	305	0.222057
DP	0	183	0	0.000000	263	0.191479
DP	0	184	0	0.000000	237	0.172549
DP	0	185	0	0.000000	254	0.184926
DP	0	186	0	0.000000	242	0.176190
DP	0	187	0	0.000000	211	0.153620
DP	0	188	0	0.000000	193	0.140515
DP	0	189	0	0.000000	181	0.131778
DP	0	190	0	0.000000	158	0.115033
DP	0	191	0	0.000000	145	0.105568
DP	0	192	0	0.000000	147	0.107024
DP	0	193	0	0.000000	114	0.082998
DP	0	194	0	0.000000	105	0.076446
DP	0	195	0	0.000000	96	0.069893
DP	0	196	0	0.000000	93	0.067709
DP	0	197	0	0.000000	79	0.057516
DP	0	198	0	0.000000	65	0.047324
DP	0	199	0	0.000000	64	0.046596
DP	0	200	0	0.000000	54	0.039315
DP	0	201	0	0.000000	60	0.043683
DP	0	202	0	0.000000	57	0.041499
DP	0	203	0	0.000000	38	0.027666
DP	0	204	0	0.000000	37	0.026938
DP	0	205	0	0.000000	51	0.037131
DP	0	206	0	0.000000	45	0.032763
DP	0	207	0	0.000000	39	0.028394
DP	0	208	0	0.000000	31	0.022570
DP	0	209	0	0.000000	32	0.023298
DP	0	210	0	0.000000	36	0.026210
DP	0	211	0	0.000000	45	0.032763
DP	0	212	0	0.000000	25	0.018201
DP	0	213	0	0.000000	31	0.022570
DP	0	214	0	0.000000	27	0.019658
DP	0	215	0	0.000000	22	0.016017
DP	0	216	0	0.000000	18	0.013105
DP	0	217	0	0.000000	25	0.018201
DP	0	218	0	0.000000	34	0.024754
DP	0	219	0	0.000000	16	0.011649
DP	0	220	0	0.000000	16	0.011649
DP	0	221	0	0.000000	18	0.013105
DP	0	222	0	0.000000	20	0.014561
DP	0	223	0	0.000000	22	0.016017
DP	0	224	0	0.000000	16	0.011649
DP	0	225	0	0.000000	11	0.008009
DP	0	226	0	0.000000	20	0.014561
DP	0	227	0	0.000000	11	0.008009
DP	0	228	0	0.000000	11	0.008009
DP	0	229	0	0.000000	19	0.013833
DP	0	230	0	0.000000	13	0.009465
DP	0	231	0	0.000000	23	0.016745
DP	0	232	0	0.000000	17	0.012377
DP	0	233	0	0.000000	13	0.009465
DP	0	234	0	0.000000	17	0.012377
DP	0	235	0	0.000000	16	0.011649
DP	0	236	0	0.000000	12	0.008737
DP	0	237	0	0.000000	17	0.012377
DP	0	238	0	0.000000	9	0.006553
DP	0	239	0	0.000000	12	0.008737
DP	0	240	0	0.000000	9	0.006553
DP	0	241	0	0.000000	9	0.006553
DP	0	242	0	0.000000	17	0.012377
DP	0	243	0	0.000000	12	0.008737
DP	0	244	0	0.000000	15	0.010921
DP	0	245	0	0.000000	15	0.010921
DP	0	246	0	0.000000	14	0.010193
DP	0	247	0	0.000000	8	0.005824
DP	0	248	0	0.000000	17	0.012377
DP	0	249	0	0.000000	11	0.008009
DP	0	250	0	0.000000	18	0.013105
DP	0	251	0	0.000000	11	0.008009
DP	0	252	0	0.000000	9	0.006553
DP	0	253	0	0.000000	7	0.005096
DP	0	254	0	0.000000	6	0.004368
DP	0	255	0	0.000000	14	0.010193
DP	0	256	0	0.000000	11	0.008009
DP	0	257	0	0.000000	7	0.005096
DP	0	258	0	0.000000	12	0.008737
DP	0	259	0	0.000000	16	0.011649
DP	0	260	0	0.000000	6	0.004368
DP	0	261	0	0.000000	10	0.007281
DP	0	262	0	0.000000	11	0.008009
DP	0	263	0	0.000000	13	0.009465
DP	0	264	0	0.000000	9	0.006553
DP	0	265	0	0.000000	7	0.005096
DP	0	266	0	0.000000	12	0.008737
DP	0	267	0	0.000000	12	0.008737
DP	0	268	0	0.000000	7	0.005096
DP	0	269	0	0.000000	10	0.007281
DP	0	270	0	0.000000	9	0.006553
DP	0	271	0	0.000000	6	0.004368
DP	0	272	0	0.000000	8	0.005824
DP	0	273	0	0.000000	7	0.005096
DP	0	274	0	0.000000	3	0.002184
DP	0	275	0	0.000000	5	0.003640
DP	0	276	0	0.000000	12	0.008737
DP	0	277	0	0.000000	16	0.011649
DP	0	278	0	0.000000	8	0.005824
DP	0	279	0	0.000000	8	0.005824
DP	0	280	0	0.000000	12	0.008737
DP	0	281	0	0.000000	5	0.003640
DP	0	282	0	0.000000	12	0.008737
DP	0	283	0	0.000000	4	0.002912
DP	0	284	0	0.000000	7	0.005096
DP	0	285	0	0.000000	6	0.004368
DP	0	286	0	0.000000	6	0.004368
DP	0	287	0	0.000000	7	0.005096
DP	0	288	0	0.000000	8	0.005824
DP	0	289	0	0.000000	9	0.006553
DP	0	290	0	0.000000	8	0.005824
DP	0	291	0	0.000000	7	0.005096
DP	0	292	0	0.000000	5	0.003640
DP	0	293	0	0.000000	1	0.000728
DP	0	294	0	0.000000	6	0.004368
DP	0	295	0	0.000000	7	0.005096
DP	0	296	0	0.000000	11	0.008009
DP	0	297	0	0.000000	10	0.007281
DP	0	298	0	0.000000	9	0.006553
DP	0	299	0	0.000000	10	0.007281
DP	0	300	0	0.000000	7	0.005096
DP	0	301	0	0.000000	4	0.002912
DP	0	302	0	0.000000	6	0.004368
DP	0	303	0	0.000000	4	0.002912
DP	0	304	0	0.000000	11	0.008009
DP	0	305	0	0.000000	7	0.005096
DP	0	306	0	0.000000	4	0.002912
DP	0	307	0	0.000000	9	0.006553
DP	0	308	0	0.000000	5	0.003640
DP	0	309	0	0.000000	3	0.002184
DP	0	310	0	0.000000	8	0.005824
DP	0	311	0	0.000000	7	0.005096
DP	0	312	0	0.000000	1	0.000728
DP	0	313	0	0.000000	5	0.003640
DP	0	314	0	0.000000	6	0.004368
DP	0	315	0	0.000000	6	0.004368
DP	0	316	0	0.000000	5	0.003640
DP	0	317	0	0.000000	7	0.005096
DP	0	318	0	0.000000	5	0.003640
DP	0	319	0	0.000000	4	0.002912
DP	0	320	0	0.000000	9	0.006553
DP	0	321	0	0.000000	4	0.002912
DP	0	322	0	0.000000	10	0.007281
DP	0	323	0	0.000000	7	0.005096
DP	0	324	0	0.000000	6	0.004368
DP	0	325	0	0.000000	6	0.004368
DP	0	326	0	0.000000	4	0.002912
DP	0	327	0	0.000000	6	0.004368
DP	0	328	0	0.000000	6	0.004368
DP	0	329	0	0.000000	2	0.001456
DP	0	330	0	0.000000	4	0.002912
DP	0	331	0	0.000000	5	0.003640
DP	0	332	0	0.000000	6	0.004368
DP	0	333	0	0.000000	8	0.005824
DP	0	334	0	0.000000	12	0.008737
DP	0	335	0	0.000000	6	0.004368
DP	0	336	0	0.000000	7	0.005096
DP	0	337	0	0.000000	5	0.003640
DP	0	338	0	0.000000	4	0.002912
DP	0	339	0	0.000000	4	0.002912
DP	0	340	0	0.000000	4	0.002912
DP	0	341	0	0.000000	4	0.002912
DP	0	342	0	0.000000	8	0.005824
DP	0	343	0	0.000000	6	0.004368
DP	0	344	0	0.000000	3	0.002184
DP	0	345	0	0.000000	7	0.005096
DP	0	346	0	0.000000	6	0.004368
DP	0	347	0	0.000000	5	0.003640
DP	0	348	0	0.000000	3	0.002184
DP	0	349	0	0.000000	5	0.003640
DP	0	350	0	0.000000	4	0.002912
DP	0	351	0	0.000000	6	0.004368
DP	0	352	0	0.000000	3	0.002184
DP	0	353	0	0.000000	2	0.001456
DP	0	354	0	0.000000	3	0.002184
DP	0	355	0	0.000000	1	0.000728
DP	0	356	0	0.000000	1	0.000728
DP	0	357	0	0.000000	4	0.002912
DP	0	358	0	0.000000	2	0.001456
DP	0	359	0	0.000000	4	0.002912
DP	0	360	0	0.000000	1	0.000728
DP	0	361	0	0.000000	2	0.001456
DP	0	362	0	0.000000	2	0.001456
DP	0	363	0	0.000000	2	0.001456
DP	0	364	0	0.000000	1	0.000728
DP	0	365	0	0.000000	3	0.002184
DP	0	366	0	0.000000	3	0.002184
DP	0	367	0	0.000000	6	0.004368
DP	0	368	0	0.000000	2	0.001456
DP	0	370	0	0.000000	4	0.002912
DP	0	371	0	0.000000	5	0.003640
DP	0	372	0	0.000000	2	0.001456
DP	0	373	0	0.000000	4	0.002912
DP	0	374	0	0.000000	2	0.001456
DP	0	375	0	0.000000	3	0.002184
DP	0	376	0	0.000000	3	0.002184
DP	0	377	0	0.000000	2	0.001456
DP	0	378	0	0.000000	2	0.001456
DP	0	379	0	0.000000	1	0.000728
DP	0	380	0	0.000000	4	0.002912
DP	0	382	0	0.000000	1	0.000728
DP	0	383	0	0.000000	3	0.002184
DP	0	384	0	0.000000	4	0.002912
DP	0	385	0	0.000000	3	0.002184
DP	0	386	0	0.000000	2	0.001456
DP	0	387	0	0.000000	4	0.002912
DP	0	388	0	0.000000	5	0.003640
DP	0	390	0	0.000000	4	0.002912
DP	0	391	0	0.000000	4	0.002912
DP	0	392	0	0.000000	5	0.003640
DP	0	393	0	0.000000	3	0.002184
DP	0	394	0	0.000000	4	0.002912
DP	0	395	0	0.000000	5	0.003640
DP	0	396	0	0.000000	1	0.000728
DP	0	397	0	0.000000	2	0.001456
DP	0	398	0	0.000000	4	0.002912
DP	0	399	0	0.000000	8	0.005824
DP	0	400	0	0.000000	2	0.001456
DP	0	401	0	0.000000	2	0.001456
DP	0	402	0	0.000000	4	0.002912
DP	0	403	0	0.000000	3	0.002184
DP	0	404	0	0.000000	3	0.002184
DP	0	405	0	0.000000	3	0.002184
DP	0	406	0	0.000000	3	0.002184
DP	0	407	0	0.000000	2	0.001456
DP	0	408	0	0.000000	1	0.000728
DP	0	410	0	0.000000	3	0.002184
DP	0	411	0	0.000000	1	0.000728
DP	0	412	0	0.000000	1	0.000728
DP	0	413	0	0.000000	2	0.001456
DP	0	414	0	0.000000	1	0.000728
DP	0	415	0	0.000000	1	0.000728
DP	0	416	0	0.000000	2	0.001456
DP	0	417	0	0.000000	3	0.002184
DP	0	418	0	0.000000	2	0.001456
DP	0	419	0	0.000000	4	0.002912
DP	0	420	0	0.000000	4	0.002912
DP	0	421	0	0.000000	2	0.001456
DP	0	422	0	0.000000	1	0.000728
DP	0	423	0	0.000000	1	0.000728
DP	0	424	0	0.000000	1	0.000728
DP	0	425	0	0.000000	2	0.001456
DP	0	426	0	0.000000	2	0.001456
DP	0	428	0	0.000000	1	0.000728
DP	0	429	0	0.000000	2	0.001456
DP	0	431	0	0.000000	1	0.000728
DP	0	432	0	0.000000	1	0.000728
DP	0	433	0	0.000000	2	0.001456
DP	0	434	0	0.000000	2	0.001456
DP	0	435	0	0.000000	1	0.000728
DP	0	436	0	0.000000	1	0.000728
DP	0	438	0	0.000000	1	0.000728
DP	0	439	0	0.000000	3	0.002184
DP	0	441	0	0.000000	3	0.002184
DP	0	442	0	0.000000	1	0.000728
DP	0	444	0	0.000000	3	0.002184
DP	0	445	0	0.000000	2	0.001456
DP	0	446	0	0.000000	2	0.001456
DP	0	447	0	0.000000	4	0.002912
DP	0	448	0	0.000000	2	0.001456
DP	0	450	0	0.000000	3	0.002184
DP	0	451	0	0.000000	1	0.000728
DP	0	452	0	0.000000	1	0.000728
DP	0	454	0	0.000000	1	0.000728
DP	0	456	0	0.000000	2	0.001456
DP	0	460	0	0.000000	1	0.000728
DP	0	461	0	0.000000	1	0.000728
DP	0	462	0	0.000000	3	0.002184
DP	0	463	0	0.000000	1	0.000728
DP	0	465	0	0.000000	3	0.002184
DP	0	467	0	0.000000	3	0.002184
DP	0	468	0	0.000000	1	0.000728
DP	0	469	0	0.000000	2	0.001456
DP	0	470	0	0.000000	1	0.000728
DP	0	472	0	0.000000	3	0.002184
DP	0	474	0	0.000000	2	0.001456
DP	0	476	0	0.000000	1	0.000728
DP	0	478	0	0.000000	5	0.003640
DP	0	479	0	0.000000	1	0.000728
DP	0	480	0	0.000000	1	0.000728
DP	0	481	0	0.000000	1	0.000728
DP	0	483	0	0.000000	1	0.000728
DP	0	484	0	0.000000	2	0.001456
DP	0	488	0	0.000000	2	0.001456
DP	0	490	0	0.000000	2	0.001456
DP	0	491	0	0.000000	1	0.000728
DP	0	493	0	0.000000	2	0.001456
DP	0	497	0	0.000000	1	0.000728
DP	0	498	0	0.000000	1	0.000728
DP	0	500	0	0.000000	2	0.001456
DP	0	>500	0	0.000000	60	0.043683
